-0.2939535 -0.604011 -2.279076 -0.8989267 4.294007
-3.870807 0.5190403 0.7862462 0.5219103 1.711811
-1.384113 0.3921472 -0.9563922 0.0168826 -1.639402
0.1518303 -0.1255617 0.04752974 0.01910259 -0.4129755
2.5764 -0.4036224 -0.3567747 3.405049 -0.7996414
-0.8074892 0.3814335 -1.234105 -3.985555 -1.282781
1.112178 -1.125348 0.199724 0.8801426 -0.2268805
2.701774 0.4735238 -1.477642 -1.438961 0.1381518
0.8083393 1.162466 1.224428 -0.2205191 -2.426799
-0.2768501 -1.301963 0.315552 -0.09029822 1.70851
1.544091 0.06161026 3.680898 -0.1766011 -0.7598527
0.8790648 -1.607689 -0.8487286 -1.752197 -0.2960853
2.417525 0.4898905 0.6234821 3.499617 0.01929509
-0.2142655 -2.375112 -0.008326358 0.4981732 0.9839719
3.4997 -0.2998341 2.399714 -0.9369308 0.7122784
0.5611828 -0.7596794 -1.189889 0.3018835 0.5774397
0.698007 -0.8680132 0.5103059 1.989706 -0.541427
0.2843711 -1.486529 3.182014 -0.6876449 -0.4838503
1.535577 0.4054396 1.378734 -0.5525095 0.2065722
1.569135 -1.087949 0.2106984 -0.06899944 -0.415937
4.229276 2.197815 -0.1695782 0.1325608 -0.05486274
-1.770301 -0.2657598 1.100444 -2.806259 1.266373
-0.9673343 -0.6769034 0.7020843 -0.1966953 0.1359446
0.5767918 1.226528 -0.5943656 1.896539 0.8102501
1.378197 2.024605 -0.752776 0.5003736 -0.09833613
-0.1698815 -0.9680872 0.2129218 -1.660884 0.6226704
-1.184388 -2.27633 1.119425 -0.4504261 -0.8379086
-0.5019851 -0.1175953 1.086902 0.6067083 -2.350765
0.6190348 -1.495158 -2.164237 -0.5944421 -1.243199
-0.03174992 -0.836637 -1.779494 -4.072391 -0.919348
0.5536967 1.729756 -0.9052429 2.965742 -0.9165165
1.922426 0.4971919 1.081745 3.318157 0.6785733
0.8264884 1.773021 -2.568267 -2.413057 1.466538
0.2282926 -0.5342845 -0.03203212 -0.07567693 -0.3331188
-1.33741 0.4124428 -2.080896 0.2194723 -0.5220243
-1.309732 0.5762061 0.08589319 0.7188996 3.058263
-0.4053904 -1.614337 0.1423635 -0.01216923 2.015734
0.4325199 0.3536501 -1.912293 0.08865218 0.1543635
0.5424479 -1.005093 -0.6872227 0.4873701 0.4974785
-0.08833598 0.4777051 -0.2639113 0.6549537 -1.30552
1.130596 -0.2260029 1.100827 1.33697 -0.8023741
1.072303 -0.9622042 0.5426592 -0.08248123 -2.68576
-0.2615062 0.06628056 -1.085261 -0.7548115 -0.1498136
-0.2960179 -0.9984057 -0.7168479 -1.318691 2.249725
-0.2662185 1.979778 -0.4391933 -0.234616 -1.605456
-1.154797 -0.4275044 -1.043738 1.899848 1.625066
-0.6892705 -0.6492915 -0.7409341 0.02541619 0.2908024
0.001236748 1.652173 0.22602 -1.965482 -0.4610722
0.2566339 -0.981368 2.130088 0.3685195 0.1698381
3.685063 -0.3189583 0.4006709 0.3125003 0.517568
-1.079786 -1.227498 -0.135931 -0.07955147 0.8786799
-1.404757 -0.7768706 -0.1470025 -0.4665422 1.056205
0.08491366 -1.272901 -1.527428 -1.14181 1.158467
0.2616445 5.241558 -0.02493458 1.173846 1.22506
0.2395849 0.165351 0.3780336 -2.76601 3.786675
0.1150724 -1.184713 1.52461 -2.006028 1.273553
1.985086 -0.2973475 -0.8580475 0.1734882 -1.459135
1.657143 0.3833203 -2.461019 -1.714834 1.79044
-0.7400864 1.231138 -0.4617109 1.460538 0.9813485
2.237232 -1.579274 -0.1381106 0.2332217 -0.6272251
-0.687836 -0.326241 2.439661 0.6541934 1.206661
-1.255412 0.3386157 -0.3642745 0.07353478 0.0408436
-0.2617248 1.121125 -0.0182171 0.8585631 -0.6319992
-0.2856626 0.3292661 0.2934215 3.199185 -0.9961109
-2.943414 -2.625972 -1.758848 0.002867014 1.028762
-1.165458 3.760921 0.7375512 -1.211997 -0.2394215
1.507622 -0.08634505 0.3506512 0.2907619 1.995008
-0.18836 0.002805691 -1.707197 1.501779 -2.117354
0.3838299 -2.823822 -2.707852 0.2672789 0.4500588
-0.3566064 0.8099171 0.5046846 3.442799 0.4538468
2.970711 -0.5352937 0.4402956 0.3684168 1.329093
0.1766502 1.632059 -0.02177288 -3.387628 -1.11879
1.428126 0.3565934 -1.076563 -1.563176 -1.874703
1.15768 0.9289726 -1.279144 0.5146871 0.3406331
0.2758351 1.51318 0.09829045 -1.877215 0.6232219
-0.4200971 0.1325176 0.4255419 0.7833546 -2.42846
-0.4728129 -0.3527846 0.9642123 -3.943215 -1.141131
-1.491239 0.1221302 -0.3670822 3.356195 -0.9467576
-0.8380775 -0.1887132 -1.38523 -0.2981257 -0.5637805
0.2118041 -1.032855 -0.152055 -0.4673678 -1.010814
-2.13781 -0.118631 -0.4721916 -0.2408326 -1.224846
-0.9468971 -1.260831 0.7424865 0.4100715 0.05909766
-0.5204368 -1.036075 1.143659 -0.3256207 -0.3328227
0.3804582 1.655012 3.55111 2.23834 1.730937
-0.395551 1.417926 -0.1158455 -0.366561 0.6249403
0.2727782 -1.773307 -0.6519014 -1.39896 -3.307865
-0.1950809 1.033929 -0.4944266 2.236646 0.7042057
-1.124636 -0.2502312 0.329029 0.165392 -2.002761
-0.5857729 0.1576082 -0.4733475 0.04393935 -0.9683799
2.993098 -1.401487 0.6862832 0.6353045 -0.2357905
0.2084624 -0.2611566 1.302432 0.3165976 0.3020035
2.573206 -4.266969 -1.37832 3.72588 -5.912848
-0.7755645 -2.712189 2.609999 -0.704714 -0.08052434
-2.820767 1.104838 -0.2695333 -0.2388758 -0.5012841
-2.627926 -0.0977274 0.3702565 -1.017931 0.5408951
0.05205978 -0.009805515 -0.9178424 -0.8361631 -1.45474
-1.442422 2.937889 0.4027255 0.9313476 1.970323
0.5095871 -0.003527632 0.4355122 -0.5035175 1.201513
0.1245928 1.322455 0.8220882 -2.031078 -3.614702
-1.279636 0.01622281 -0.1563309 0.6375124 1.339731
0.2673881 1.468652 1.883419 -1.189996 1.703032
1.509732 0.3656934 0.8288248 -1.282529 1.803242
0.4016154 0.433105 0.8909025 2.596344 -0.3227072
0.1574017 1.388331 2.615017 1.497657 -0.6472015
-0.2271248 0.0365274 0.1327155 0.6498743 -0.5006273
1.498859 -0.9536813 -2.02618 2.88513 -1.029816
0.4025067 0.4851089 0.1882423 -0.09727277 3.001274
0.9324012 -1.933 0.3927175 -0.2503661 -2.515167
0.2109111 0.9375135 0.703972 0.3682858 -2.110024
-0.3086969 4.904837 1.551797 -0.06532224 -0.2569638
-0.2095987 0.8516942 3.704556 -0.337787 0.686731
0.1535025 -0.9748607 0.2696087 -0.3240861 -0.5495798
-1.144002 0.8410923 -0.2158866 0.2843003 0.7289369
-1.265269 2.503113 0.6551275 -2.181041 0.9028076
1.993225 0.9959398 -1.334169 -0.2255752 0.2934775
0.4098969 0.1778997 -1.913598 1.809584 -0.1130305
1.144201 -0.91626 -0.8577229 1.627567 0.9861655
-0.8481241 -1.324762 0.5885482 0.423546 -0.5905351
-0.2076973 0.8604789 0.16024 0.9918617 0.5645094
-2.41198 2.953234 -0.4546339 0.6648289 -0.9490832
2.869082 0.527843 0.1748444 0.6190726 -0.8547587
-0.4157563 -0.04990868 -2.339947 0.2135025 0.6060428
-1.582517 0.1755926 -0.1647444 -0.3551439 0.2156242
-0.3593845 0.04953969 -0.1941116 1.660645 0.6662972
-1.90215 -0.3106248 0.2860105 -0.3322328 0.5493727
1.170633 -0.6637846 0.3382143 -0.9689719 -4.275456
-0.555762 -0.01076853 -0.06970228 -1.027518 0.1183212
-0.002461146 2.339467 -0.1893882 -7.118957 2.252608
0.0299096 -0.8125355 0.1783477 0.9971806 1.692039
-0.6631552 2.426513 -1.770851 -0.1086866 0.7245099
3.047322 0.2129563 -0.1063821 1.770143 -0.4525221
-0.4028128 -0.3210304 -0.1192375 -0.08748293 -0.003750605
0.3410717 0.4797771 -0.2914544 -0.2701573 1.139224
0.8914541 0.8636339 -0.6436048 -0.8030743 -0.9585342
0.2031285 -1.353177 -0.9962506 0.7142951 0.6045905
-0.7951621 -0.4946576 0.4202602 0.2342009 1.435401
-2.969961 -2.195555 -0.4372677 1.084146 0.02115122
1.305885 2.67193 -0.1825554 0.9864954 0.09952772
0.314752 -0.0521899 -1.040536 -0.07926052 -0.5225206
2.419814 0.1099853 -0.05936462 -0.3091229 -0.2268091
-0.730443 -0.8414475 0.5077289 1.095275 0.623155
0.5459585 1.094723 1.630709 2.206212 0.982299
-0.3835541 0.6666605 -0.3550094 -0.4563679 -1.583987
1.224162 -3.549045 0.01950153 -2.2514 -0.09217478
-1.96041 -0.04234744 1.265369 -0.6966296 0.1747985
2.629575 2.34042 0.6793558 -0.1372552 0.7434742
-3.051603 -0.01613693 -0.1885479 0.705264 -0.8188836
1.575107 -2.818097 -1.007847 -1.450517 -0.2191173
-1.090136 0.4438731 1.168417 0.6562018 -0.6156697
0.2493739 1.101349 0.7861491 0.01210292 -3.380649
0.04659329 -0.005637861 0.6762874 1.391552 0.006490258
-1.189669 -1.776682 -0.7950492 0.8342069 -0.01178852
1.046307 0.2221297 0.6371559 2.195638 3.581478
1.458812 -0.3954462 -0.329226 1.575759 -1.114983
0.5306097 0.2558075 0.3713971 0.9279198 1.413864
1.023546 -0.02773519 1.357839 0.2772877 0.2188161
-1.10329 0.3594858 0.04227403 0.3243468 -1.633447
1.339702 3.40715 3.352109 -5.78632 -0.2433966
-2.389074 0.03669216 -3.859304 -0.2105126 0.7621708
-0.1662143 -0.2418909 -0.3840627 -0.6205846 -1.631287
1.031357 -0.5457871 1.362965 -0.8185106 1.115671
0.1753341 -1.296575 0.6031161 -0.8249068 -0.8977371
-2.10946 0.4329447 -1.568312 -2.130013 0.2994892
1.072173 -0.5287729 -2.660389 0.9852215 0.2290317
0.7232411 -0.8332289 -0.3350926 -0.1474502 -0.9132376
0.09855738 1.871328 -1.933212 1.49069 -1.950257
-2.78182 -0.3635776 0.05610608 0.2951398 -0.2695066
-1.869746 0.1281255 3.164983 4.664413 -0.2120919
0.6769141 -0.6563865 -1.658911 0.9005254 0.3861016
-0.1891603 0.08265614 -0.597114 -0.0134699 0.3002649
-0.6602486 1.300038 -0.3802337 1.254242 -0.3259938
-0.04655157 -4.015154 0.3363462 -0.5742987 0.7183429
2.201509 -0.03159854 0.4307621 -1.169166 -3.095296
0.8913555 0.3800456 -0.07132118 2.017151 0.4981064
0.2217498 3.903957 -0.130165 -1.511656 -1.504954
-1.03904 0.2982714 -1.219883 0.5919934 -0.04401203
-0.4492309 -2.794921 0.6343273 -0.4987482 -0.01708021
1.003306 1.424956 -0.4313153 0.7543389 0.1890302
-0.3902716 0.7766272 -1.553015 3.736517 -0.5962543
0.1666761 -1.64002 0.3818893 5.99317 -1.632383
0.1745034 -0.8974564 -0.08591394 0.04683891 -0.07822932
-6.813837 0.3191243 1.212374 -0.1929616 0.1295774
0.07193516 0.8107139 0.4927497 0.7787076 0.4168776
-1.169111 -0.8613128 -5.094305 -0.3758056 -1.567586
-0.2242876 -0.3187739 -0.5453703 0.860533 -2.453257
0.0361713 -0.7784223 -1.521093 0.3123672 -1.058955
-0.8999895 -0.5264774 0.5756293 -0.002568291 -0.437042
1.960635 1.246214 -2.208895 0.5311646 1.08321
3.649129 -0.5835364 0.05413902 -0.2871798 0.09056727
3.78992 0.6362496 0.4124574 0.07911863 -0.8061672
0.7074874 0.05869402 0.0698632 -0.4967737 -2.545389
-1.326053 0.3194339 -0.7174073 -0.7982398 2.866692
-1.671472 -0.1271065 -0.2436307 0.3176648 -0.1119766
0.2051102 -0.04914186 0.08336387 4.440189 0.1494704
0.2194335 2.913661 0.1865846 -0.09172526 0.4857691
0.4591641 -0.902133 0.1900909 -0.7536971 0.1651215
-0.3159582 -2.558567 0.3258155 -1.01025 0.9468434
0.2946811 -0.05332099 -1.314706 -0.1782935 -0.2842143
0.3642521 -0.1735865 -0.21465 0.09736301 -0.9407975
0.4697675 -2.066658 1.133051 0.9503956 0.01558523
-0.4989464 -0.0820199 0.5808979 0.4822448 -1.348552
0.1419476 1.048041 -0.4136981 -1.177005 0.969046
-1.756415 0.5541343 -2.690304 -2.02316 -0.1992873
-1.291718 4.453943 0.4267242 3.239557 1.568732
-0.7318113 1.323011 -0.7703546 -3.426267 -0.7509464
0.1341013 -0.01858409 0.8124776 2.787631 -0.7345921
0.4275386 1.620937 0.6806253 0.3150866 -1.235006
-0.1336134 0.1926982 0.7429287 -0.04358994 1.77152
-1.005558 0.844493 1.628724 -0.139236 0.08707011
-0.6129947 0.1803532 -0.2397739 0.6110206 -0.7386428
0.5751756 0.07828172 1.364605 0.6225604 -1.296429
0.3001974 1.028824 3.817344 -2.220554 -0.9162997
0.1436613 -2.224127 -4.189579 0.8811775 0.2067111
1.49123 -0.3671303 -0.2640128 -2.691212 0.06844765
-0.8765204 0.2657878 -1.533954 0.9727047 0.5662943
-1.188679 -0.519286 2.324301 -1.22285 -0.6415286
0.75736 -0.5015263 -0.4731249 -0.2746981 0.2865146
0.8587834 -1.701045 1.156239 0.7364914 0.5869342
-0.7832504 0.1808595 -0.5459494 -0.2944462 0.2703726
-0.09558508 2.467268 -0.3094469 2.177586 -0.1610975
0.4077874 -1.48356 -5.172667 0.5875419 0.6673199
-0.2819724 -1.003702 1.354572 0.3056226 -0.6880492
-2.825864 -0.8211189 0.671991 1.181839 -1.400704
1.20564 -0.5712361 -0.2041431 -0.7720885 0.5358641
-0.7850521 0.6975232 1.011044 -0.9648178 -0.8683605
0.1254004 -4.198411 -0.9692657 0.3788565 -1.462081
1.3448 -0.6394156 -0.2537027 -1.567774 -0.02609173
2.624063 2.373114 -0.4583734 0.8706196 -0.332709
-0.1054621 1.631809 -0.6169217 -0.08458918 1.836287
-1.109722 0.05742502 -1.071964 -0.3669219 0.6344485
-0.02898722 -0.1966316 -0.3066396 0.1291557 0.6009267
1.195518 1.284467 -0.9146571 -2.522214 -0.774422
-4.485851 -0.6205289 2.6944 -2.10633 0.1696758
0.06507915 -1.188199 -1.522753 -0.6699617 -0.2470227
1.46089 -1.226746 0.04001737 -0.5122552 0.07362647
1.132861 0.4800942 -1.044947 0.6378363 0.127741
2.815867 1.575985 0.6006348 -1.582628 0.3894294
-0.2652587 0.09469027 -1.208053 1.175963 -1.561531
-1.720858 3.056403 1.048902 -0.5663109 0.07847191
-0.526073 0.09497268 0.6531782 1.534998 -5.122836
0.6223638 0.1812111 -0.1285609 0.7255964 -1.402874
2.375155 2.008129 0.01857927 -0.8923041 -0.3051606
0.07104616 -2.586842 -1.879261 -1.148384 0.2652232
4.2629 -0.3232097 1.779417 -2.166556 0.221338
-0.2901794 -1.178814 0.3021093 0.04501717 0.4438132
-0.4813985 0.3580704 1.081839 1.73119 -0.01575751
-2.735883 -0.6402941 -0.8485755 -0.4388297 1.832768
1.743772 0.5470253 0.9695455 1.542068 2.207282
0.9681756 1.280483 0.866039 1.107036 0.06183722
3.307903 -0.9935768 -2.705086 0.5284565 1.298481
0.03506431 1.191226 -2.389821 -2.555925 4.429355
0.2772183 -0.7328041 1.840365 0.6240086 0.03938315
1.32899 -1.133712 -0.4289562 -0.4701015 -3.147634
1.37711 1.465032 1.124701 -0.580091 0.4956634
-0.03516593 -1.238973 -2.58892 4.657412 -0.09150295
-0.4429705 0.7488261 1.311267 1.276369 -1.673847
-2.71824 -1.763415 -1.305052 1.174053 -2.577849
-0.1277811 -1.276696 -0.9383444 -1.343271 1.52
-2.72064 -1.63606 -0.4722048 -0.1856766 1.322538
2.765844 2.89558 0.3235634 0.3006076 0.9351467
-2.999169 -0.7467846 0.08501854 0.09703044 -0.6121046
0.5904832 0.9261211 0.09859529 0.8305585 -0.818547
1.765315 2.705245 -0.1211219 0.1910973 0.4893089
0.02062755 -0.6284689 -0.7197097 0.2715332 -0.2183573
1.480548 0.03087509 0.469205 1.142412 0.1859674
0.6598241 -0.1902145 -0.7762892 -0.6936928 -0.3320278
-2.757697 -0.3634719 -3.537381 -0.01426845 -0.86713
1.143109 -1.050849 -5.546143 0.6396183 -2.015037
-0.04875454 -0.6092893 -1.466407 0.5964005 -0.01971646
0.04820351 -1.652045 3.644898 -0.04071918 0.1805254
-0.6236806 1.224491 1.45518 3.174473 1.908334
-0.5414331 -0.4311939 0.1075866 0.3517479 0.5173568
-0.2952846 -1.026984 -0.7956114 -1.063625 -0.04220885
-0.3892566 -0.01186038 1.595825 -0.02402037 0.2826863
-0.3363646 2.426329 -1.740722 -0.2302532 -3.316949
-0.3117997 0.05592183 0.0390938 -0.1204119 -0.8742093
0.9006769 -0.178557 -2.606038 0.2445878 -1.55998
0.02911021 0.2253171 4.105209 -0.2744575 0.3551207
0.8149523 -0.3975339 -1.604951 -1.267908 -0.6149451
-0.24747 0.5055413 -0.8516956 0.1054327 0.23708
-0.2657096 0.9364429 0.1537697 1.432289 -0.4745096
-0.7636763 1.638008 0.2195599 0.5013541 -0.3602629
-0.7041717 0.33194 0.228975 -0.7245462 0.8201352
-1.518847 0.5001603 2.398969 1.680227 -3.200714
0.4406007 -1.025113 -0.1316754 -0.01423584 -0.1644623
1.841428 1.277788 -3.310118 -0.3101648 -0.09505827
1.515274 -1.550718 0.630881 0.1546645 -0.1147104
-0.2852413 0.2894848 1.462363 -1.557486 -0.9882262
-0.4824585 -0.6281735 0.6705968 2.147351 -0.5021222
1.686887 -1.351122 -2.048753 -0.3633635 -1.418079
1.980052 -1.217381 -1.399783 0.07588896 0.2460649
-0.1565054 0.7793061 2.546897 -1.015309 0.4794529
-0.7989518 -0.3736502 0.2757611 0.2437803 -1.649545
1.824117 -0.3869137 -0.3466684 0.04419069 0.4515204
0.7676785 1.166753 -0.78538 0.9019902 0.67244
0.0830194 -4.933324 4.722635 -2.062552 -0.753467
-0.2390739 -1.734757 -0.9035288 0.7470046 1.706038
-0.1859388 0.2860229 1.129993 -0.8184901 2.284606
-1.914184 -1.158088 -1.478356 -3.448299 -1.017209
-0.5745196 0.4931461 0.6436536 -0.02513031 1.034717
