0.09508385 -2.78099 -0.04450733 -0.5720728 -2.596245
0.09852066 1.025537 -0.1726456 0.5798198 0.6411137
-0.6403618 -1.94491 -1.759173 0.809307 -0.9695175
-1.325295 0.05723457 1.397275 -0.8425848 -0.8335012
1.372482 -1.356384 0.4545078 -0.1424155 -0.730905
-0.6010705 -0.09224091 -3.999945 0.2258682 1.51218
0.4290318 -0.7677142 -1.189549 -0.4052911 -0.3516331
1.005733 1.062465 3.039966 -0.1808154 -0.05056083
1.386853 0.2605731 0.7709276 1.136057 -1.008906
-3.373912 0.1555997 0.2737248 0.6216325 2.440073
3.045304 0.2833016 -0.09992251 1.695245 -0.956093
-3.237549 0.06250453 -1.08645 0.5189296 2.112441
-0.4729557 -0.04810192 0.1183609 -0.6686331 -0.5715423
-0.02840484 -0.4959645 0.2026583 0.2848233 1.051185
-1.443188 0.01802587 -0.7979984 -1.099398 -0.7710031
-2.964732 1.076353 0.934639 0.8132376 -1.37726
-0.535169 -0.2057784 0.1414568 -0.1106108 -0.2556943
4.379187 2.034872 -1.036083 -0.7720565 0.6461113
1.813667 -2.431572 -1.181745 -0.3297136 -0.5142521
0.2301946 1.382013 -0.875791 -2.005252 0.08420228
1.414491 0.15777 -0.3019033 -0.795237 -1.607581
0.3853067 -2.629742 1.745343 1.138854 -0.5669049
-0.5308619 -2.780763 0.958841 1.939527 -1.532329
-1.08705 0.5143906 -0.9811548 -0.505918 0.8457766
-0.7815322 -1.69193 0.5212367 -0.0960965 -0.4382617
0.2312741 0.07292822 0.4317869 1.624586 -1.097913
1.189608 2.363074 1.456968 -0.7640166 4.623532
0.01716644 -1.755776 0.5727419 -1.882994 1.026
2.008289 -0.03635358 1.914927 -0.1906924 -0.5805387
0.3047219 0.4858784 4.735866 3.16269 -1.265965
-1.935225 0.2132395 2.752714 -0.3257252 0.04871684
1.252514 0.6927868 -0.2959069 0.6832227 1.871979
-0.978254 0.001816478 -0.1822847 0.5870336 -1.178634
0.4544593 -1.294373 2.844017 -0.641062 0.8331724
-0.8510782 0.3129326 2.175135 0.9264342 -0.1369533
-1.404344 0.8063341 -0.08780957 -1.465281 0.04736578
0.7049256 -1.993627 -1.611689 -0.1007254 0.6118368
-0.3074596 4.354901 0.5549822 -1.00512 0.481075
1.341837 0.1242229 2.28244 5.225594 0.02138834
2.725992 -0.1852601 -0.06661178 -1.456331 -1.79202
-0.05973377 0.4884551 -0.3650403 0.5990267 0.9788873
3.46056 -0.2642783 1.464773 0.2160606 -0.9367994
0.4332842 2.893668 -0.3704634 -0.6356311 -2.879692
0.9611783 0.5777782 3.407879 -0.9368864 -2.638277
0.03446645 -0.7916096 -0.02928429 1.035326 -0.4674794
0.2499552 -1.183193 1.682254 0.6310354 0.665309
-0.06598929 2.54953 0.02233061 0.009868477 -0.7162379
1.984816 0.9733164 1.021415 1.176143 -0.6731209
-0.8610689 0.3411111 -0.7389951 1.487411 1.353868
1.01875 -0.7164551 0.3421944 -1.458886 -0.474417
-0.5637278 0.455585 -0.1644399 -0.9395649 0.928292
0.3520259 0.3009817 2.258175 -0.3339336 -0.7673423
-1.298789 0.2495535 -0.1772656 0.2896361 -2.981492
-0.2109102 0.7904953 1.435803 0.1960956 -1.858964
-1.842841 1.023339 -0.8680796 -0.9063159 0.4572114
0.3255468 0.6413057 0.8910614 -0.2786124 0.1549693
3.33702 -0.9133715 0.7370792 -0.1602556 -0.008178875
-0.1601934 0.7426338 0.2288085 5.065314 0.5547243
-2.053661 0.5522245 -0.4689912 -0.236795 -1.611272
-0.1923263 -0.532513 0.7743752 1.985851 0.4302445
0.1389497 1.044804 -0.5390922 -0.4008165 -0.9934616
0.4942336 -3.694687 -0.4529367 -0.5726863 0.940057
0.1527335 0.7964164 1.143992 -0.6603363 0.7070021
-0.5182371 0.8669656 3.323662 0.04235227 0.2442776
1.209393 0.2481138 -1.109817 -0.5892789 -1.44913
-1.79316 0.2050555 -0.2529251 1.2038 -0.3336412
0.8382297 4.642644 -0.0008499825 -1.328846 -0.8804774
0.1597418 0.1570174 -0.3384214 -0.4633963 0.01808591
2.408495 0.8709467 0.542235 -0.2455764 0.7843391
-3.803201 -2.005647 -0.1222703 -0.1891016 -1.596668
0.3476508 1.075216 1.298826 3.274046 3.799634
0.198773 1.151034 -0.2919275 2.214549 -0.259943
-0.6608024 -0.07572938 0.1872308 4.077542 -0.6859764
1.370703 0.2792652 1.311211 1.853571 0.9593388
-0.4944755 1.64314 0.3164074 -0.4253672 -0.9860016
-2.980947 0.7266964 0.398697 -0.1892751 -0.02317297
-0.5479229 0.9989419 1.168753 -1.757465 0.1570824
-2.639283 -0.7176209 -2.945336 -0.2737373 0.411872
-1.375114 4.074135 0.3245089 -0.06032835 -0.2247347
0.4045024 -0.1604842 -0.08796542 3.103981 1.105336
-0.5946542 0.7941711 2.588919 -0.2391046 0.5228819
-0.8600141 1.398534 -1.67909 3.534174 -0.8632024
1.161965 0.1806884 2.822253 -2.953269 1.355631
0.5907702 0.4359247 0.115938 -1.025542 -0.1400837
-0.4693395 1.198808 -0.3404984 4.41165 0.1267452
1.223186 0.972538 -0.7310592 -0.5090844 -1.756285
0.7625158 0.4204222 -0.785298 1.374286 -0.1174252
0.03263944 -0.6212533 0.06879636 -1.725145 0.8715549
1.08474 0.549259 0.2228227 0.8217654 -0.004061471
-1.246783 -1.746503 -1.677691 2.552125 0.606607
-0.3653363 -0.07660383 0.6863549 3.544003 0.03905579
-3.295651 0.7288318 0.02990925 -0.9180811 -0.2525547
-1.978389 2.317374 0.3366617 -1.007945 4.462127
0.8469783 -0.6059211 -2.569795 0.8808297 1.447833
-2.833079 -0.08213324 2.425805 0.2342068 0.1191322
-1.276507 3.844786 -0.2612764 -1.584268 0.772512
-1.015086 0.7449991 -0.9804861 1.583479 -2.213987
2.253676 1.577231 0.4336478 -2.300723 -0.4444779
-0.380175 2.275561 -3.559471 -0.6819895 -0.5055077
3.168537 -0.2871278 -0.445202 0.6602327 0.1108294
1.453051 -2.865904 -0.959937 1.024742 1.781866
0.5387064 -1.171008 -1.185709 -0.2395771 -1.63422
-1.029066 1.171687 -0.755132 -0.1362913 0.9170464
0.3842209 -0.1167024 0.2323502 0.1288333 1.154397
-1.370691 1.112905 0.1267126 -0.2649585 -3.237819
3.444946 -0.1521599 0.1147122 -2.037248 1.330256
-0.2022688 -0.03111464 -3.550876 1.933466 -0.07363451
-0.8285963 -0.718198 1.780294 -1.236844 -0.7858485
-0.9406828 -0.6637799 -0.8928525 0.2005646 -0.1011636
0.9403892 1.228507 0.4177165 0.609065 2.05718
0.3506784 2.636348 -1.731518 -0.07723675 0.5783153
-0.8999586 0.7628673 0.2489963 1.566512 -0.1206304
0.5310296 -1.033255 -0.1680321 1.399249 0.7718202
-0.7951842 -0.001287243 1.224323 0.2050547 1.557698
-1.166864 -0.4097024 -0.004787796 2.070341 -0.5117001
1.240989 -2.456478 1.043102 -0.6720892 -0.8268267
1.201499 -0.8208949 4.457845 -0.3363318 -1.138382
-2.006911 -0.7863783 4.171985 -0.7159358 -0.2393951
1.539876 -2.027008 1.240862 0.564598 -0.6117186
1.213732 2.669365 -1.499077 -0.7070096 -0.5487028
0.3766007 -0.6249517 0.1690086 -0.8567383 -2.358499
0.683685 -1.595709 0.6719098 0.1532635 -0.4157486
0.0817599 1.714386 0.5051069 1.109233 0.007677474
-1.774416 -0.1962321 0.07589257 -0.4728926 1.361062
3.297548 -1.333433 -1.52778 0.2679993 0.5956408
4.157964 0.3409111 -0.3756391 -0.3185536 1.116469
0.1341418 -0.2575921 -1.507779 1.415376 -0.9000647
-0.760509 -1.015542 0.2736416 0.3925814 0.7898047
1.226967 1.499902 -1.236317 -0.359488 3.410227
-1.729725 -0.2744674 -1.028784 -0.7379891 -0.03924449
-0.1707319 -1.241137 0.01160446 -0.03609048 -0.1507439
2.959017 -0.3003168 -0.8561412 -0.01237109 5.014624
-0.2862109 -1.465948 2.286298 3.312758 0.7209653
-2.475499 0.3707701 -1.944425 0.6676497 -0.5388835
-1.377144 -0.0393632 0.1132128 -0.04851053 -1.83293
-0.3757636 1.158181 -3.235009 -1.058895 0.03943819
2.533175 0.3407852 -1.151961 -1.017075 0.7171611
-0.5337389 0.9223502 1.767005 -2.302411 0.4827242
-2.543908 0.6906177 2.306596 0.3341684 2.130662
2.127913 0.6291054 0.888957 -0.07263319 0.4602313
-0.3305023 0.2107772 -5.772509 -0.02224403 -0.2411646
-0.03104701 0.3253816 0.08898566 1.904909 -1.276151
-0.1262854 -0.2745339 0.8275764 0.01081066 -1.053595
-0.8631039 -0.3284554 1.818859 1.183257 -0.09561351
0.2216588 -3.866914 0.5342427 -0.4119888 0.39525
0.3415746 0.3911007 0.5940565 -0.05706323 -0.3579153
-0.4512114 -1.070234 -0.1233298 -0.9762539 0.3879706
-1.1785 1.501894 -2.818383 -0.7604495 0.6744528
-0.136769 -2.88618 1.28857 1.638898 0.7505933
0.02639457 -0.1009301 -1.782062 -0.725349 -1.07676
1.04438 0.4380687 0.5419116 -0.2694537 0.307392
-0.2521879 -0.9892699 -0.8020673 0.209277 0.1783561
-0.3604297 -1.36492 -0.4060849 -1.772421 -3.016485
1.787348 -1.577865 -1.017861 -0.6911702 0.6812109
-0.09827255 0.03557844 0.2901946 -0.0252284 0.09099988
-0.1183907 0.1534539 0.1943796 2.13821 1.071027
1.089172 0.526126 -1.135503 0.5987451 -2.259662
-1.495152 -0.8468269 -0.5670721 -0.9018872 0.1092772
-2.624556 0.05206952 0.05718578 1.538175 0.1496439
0.5622564 3.668097 -0.9950129 -0.2528493 -0.09748038
-1.043868 0.3131514 0.4862458 0.2999884 -1.063882
0.4901853 2.069504 -0.1238178 -0.742495 0.7789261
0.5840693 0.956926 -0.1058464 -0.9802858 0.1563916
0.1465224 -0.09766893 0.1312863 -3.013442 -0.08548034
0.05756197 -0.08849564 0.5877406 -0.08549421 -2.76481
0.2890601 2.34388 -2.290161 0.7054495 -1.833811
2.725455 2.160732 0.8912542 -1.171162 -1.583453
-1.601482 -1.096457 -1.548494 0.4710338 1.313239
0.4379332 0.3028634 -4.852889 0.1923414 1.178067
-1.610426 -0.560363 1.671024 0.1112294 -0.7675582
1.226326 -0.9217789 -2.251098 -2.735284 1.806154
4.361455 -1.502547 -0.008731038 -0.3906577 -1.089152
-0.6169218 -0.01519397 0.6627202 -1.558915 0.7397017
-0.8255822 -0.01806483 -0.06354127 -0.7386861 0.5187812
-2.188451 0.1107538 0.3056953 -1.140134 3.808082
2.064508 0.5997324 0.6282617 -0.1341933 0.01371279
0.8198892 0.3141653 1.597971 0.5574375 2.064948
-1.025351 -0.878279 -1.552921 -3.760326 -1.912626
1.083491 -0.4636443 1.311802 -2.839203 1.545571
0.8791188 -0.1415007 0.4214155 -0.2099451 -2.748512
-2.138362 0.08727913 -0.1440258 3.408218 0.8589499
-0.33353 -0.1165526 1.221581 2.36066 1.204625
1.707238 -2.103266 0.2573448 1.974416 0.4782521
0.05930935 -0.6140458 2.525338 -0.08185399 1.917569
-1.135071 -1.037249 0.821263 -0.85792 0.8681533
-0.3055761 -0.5550959 -0.4846317 0.8901215 -2.0097
-0.8906905 2.036999 0.5405199 -0.1416081 -0.1028215
0.217762 0.7684369 -0.5053068 0.8944655 -1.556392
1.205771 -4.216055 3.025359 0.7336021 0.3997586
0.0854318 -0.9062967 -0.5880263 -0.9357845 0.04678661
-3.850074 -1.280096 0.179926 0.4087928 1.742121
0.6043031 0.2368018 1.085356 0.3255812 -1.004743
-0.569803 0.4465134 0.7228712 -0.5422058 -0.2923537
-0.2657659 -0.6940038 0.1585968 2.544781 0.004295561
0.7030221 0.4767521 -0.4223549 0.8913276 3.851782
4.12839 -0.7392412 -2.256589 -3.678892 -0.06589894
-2.415043 -0.1963762 1.370948 0.4111605 -0.7613855
-3.05234 0.798005 3.112673 0.4231081 0.7767122
1.507461 -0.1714891 -2.317569 -1.074156 -0.4745508
0.511902 -2.960276 -1.434374 0.6355005 2.154864
1.136697 1.032301 -3.772736 -0.4669477 -0.8287173
0.5667025 2.659551 -0.3126615 -1.538086 0.9225215
0.7246174 0.9379268 -0.3955185 0.5325146 -3.676074
0.3935375 0.1273256 1.204048 -0.01053299 -0.3552251
0.1384111 -3.31552 0.05878114 0.4730415 2.725242
-0.6384727 -1.238794 0.0962031 -0.009399252 -0.619502
0.1288069 -0.0829319 1.159558 1.817044 0.2495703
0.314298 1.424498 0.4634756 0.003034946 1.052837
0.261769 1.727559 0.9872406 -0.5767897 0.09725325
0.2438383 -1.011094 -0.06974835 2.187455 1.738786
1.26426 1.561245 0.7005193 2.172419 2.809056
0.0434438 -0.3561983 -0.8400453 -0.2657573 -1.265979
-1.030403 -0.7156629 -0.01965399 -1.049802 -2.696035
6.536788 -0.3360791 0.4655134 -0.676698 -1.8042
0.8129406 -0.509332 -0.2874293 2.307411 -0.007064123
0.03240999 0.2334362 0.4305195 1.358899 0.0879065
2.567916 0.2563658 -0.04769519 1.699325 1.769805
-1.372575 1.046513 1.490053 0.8819911 0.4241744
-0.2209877 0.08122647 1.817439 -1.481185 0.6780881
2.838876 1.738497 0.9253342 1.213476 0.2895103
-0.9993604 0.07494342 1.339712 0.8195516 0.254123
-2.381081 0.4828738 -0.3939503 -0.8038262 -0.8322182
0.02136649 -0.9426813 -2.022633 0.604233 1.352189
-0.1357857 -0.8375864 -1.440305 3.405344 -0.2778175
-0.167995 -0.1100604 -0.6536496 0.5982546 -0.2505106
-0.7746197 0.756731 -0.2900718 0.8556555 -0.2259497
-0.87248 -1.451733 -1.482777 0.6106099 -1.58863
-1.169507 0.003335908 0.4279513 -1.907019 1.399621
-0.08086069 1.406255 0.4999224 1.73429 0.9024038
-0.1038451 0.05724583 -0.05357583 0.1746642 1.261064
-0.009318747 -0.8027444 -1.11386 0.02374884 -0.3768291
-1.462823 -0.929363 1.78426 -0.5140531 0.1673818
-0.2973697 1.50032 -1.252765 -0.12801 -1.426661
-2.069833 4.912538 0.03964195 0.1447257 0.5759024
0.7368415 -0.07053437 1.041221 -1.867279 -0.3705359
-0.3262442 0.5630343 -0.3942282 2.207681 0.4508488
0.3747127 0.1585998 0.4620378 -1.369187 0.4833143
-0.8552383 4.024733 1.207506 1.26338 -0.2709557
-1.261888 -0.6770728 1.690875 0.09550562 3.521201
-1.488956 0.1615056 1.158275 -0.0403183 1.080527
2.162429 -2.679611 1.366541 -0.1179215 -0.6863802
-3.98031 -0.211538 0.4066378 0.7900278 -2.067742
1.551669 0.4699421 -3.180431 -2.25541 -0.04296775
-0.6679672 0.5829892 -0.6149144 -0.822644 0.7410529
0.04281856 -0.1234688 0.891096 1.620613 -0.2747665
-0.4748157 -0.1537456 0.1037319 1.142841 3.1242
-0.7954772 0.1145533 0.1973207 -0.8557978 0.5968906
-0.6950874 -0.9040752 0.50186 0.8002863 -3.409023
0.1931576 2.74446 0.7209323 0.4237782 -5.032439
-1.12731 2.236135 -0.5655494 0.7140544 -1.89182
-1.58998 0.5247268 1.300099 -0.3526754 0.3002121
-0.2447892 -1.04643 0.4033622 1.161935 -0.7801934
0.2420138 0.7709487 3.774278 -0.2285724 -3.731499
0.3493501 -0.7989536 0.8363128 -3.905432 0.6931814
-2.97465 0.03895116 -0.08814437 -0.654696 1.507702
0.5208998 -1.448747 0.07956562 -1.538352 2.869337
-0.7289146 0.05866157 -0.02419675 0.1014187 0.1961965
-0.4087591 -0.274687 -2.098985 0.2274339 -0.2369167
-1.331771 -2.195772 0.374324 -0.1459148 0.6044564
0.3694605 0.7749635 0.06043219 1.408606 1.00361
1.022144 0.7031495 0.1359349 0.2020174 0.02038807
2.312085 0.01282192 -0.7583463 3.334167 2.359611
0.8444253 -1.698072 0.4318158 -1.241014 -0.0235289
-0.7852234 -0.07306691 -0.3979269 2.373028 5.127225
-1.256408 -2.045527 0.7166697 0.5959125 -1.435983
-2.489078 -0.5474661 -1.511938 -0.5127149 -2.431917
0.5442124 -0.4853626 1.93215 -2.803719 -0.07184559
0.8730578 -0.9469515 0.6384304 1.442722 0.2226071
-0.1909624 2.716411 -0.164812 0.2761873 0.2253426
-1.86577 2.326871 -0.2829066 0.3060727 -0.9018291
1.777046 -0.05672028 -0.270841 -0.6607564 0.1224076
-2.434803 1.253512 -1.186243 2.776689 -0.4202464
0.4205375 -0.3181238 -0.5309971 -0.1371254 -1.432557
-0.5349542 0.01314831 3.375296 -3.447844 -1.664309
-0.3361821 0.2909103 0.0731508 -1.646742 -0.4544777
1.032948 -0.3864002 0.03256949 2.413512 -2.502913
-0.6329436 0.1167591 0.8416563 -1.757508 0.7520836
0.4964257 2.515587 -2.890973 -1.307246 0.002197926
-0.2378348 -1.656228 1.361724 0.5321806 -3.032294
3.511326 0.6988221 -2.44675 -0.5944305 1.431246
-0.8993191 2.355706 -0.04294134 -1.641768 -1.018687
0.2330542 0.04422004 0.9676515 2.312665 -2.444313
-0.5175264 -1.779041 0.2244572 -0.4441719 0.1107767
1.687307 0.9348698 0.8959088 -1.007696 0.4664678
0.5714397 -1.220935 -0.4203243 1.961818 -1.46493
-0.4496467 -0.8331692 0.9832087 -2.570881 -0.6222463
-0.2411877 1.196118 -0.7231713 0.2602649 0.07128861
0.008335291 0.04359775 0.4332871 0.9598796 0.3748251
0.8384967 -2.000866 -1.008178 1.627685 0.9728228
-0.6206514 -0.2420789 1.107375 -4.450661 0.6535699
0.686939 -0.6221314 -0.3702599 0.576116 0.1167114
0.8432591 -0.05530043 1.233511 0.6213949 -0.2482611
-0.3172525 1.122469 0.2271409 -4.995559 1.133266
0.4884848 0.08227471 0.002252659 -0.5995361 -0.3683743
-0.638352 -1.094025 0.4071858 -0.4918816 0.003770993
-0.9260095 1.003591 0.5705763 1.67342 -3.612984
-0.5816287 0.05061313 -0.06450077 -0.4779416 0.2221086
-5.957139 0.7830677 1.480319 0.1438272 3.12726
0.6006269 -0.1266617 -0.4080332 -1.244446 -2.814497
2.907357 -0.1474271 -0.1814453 -0.3503084 0.436569
